%=======================================================================
% MAT-fem_Plates 1.0 - MAT-fem is a learning tool for undestanding 
%                      the Finite Element Method with MATLAB and GiD
%=======================================================================
% PROBLEM TITLE = Untitled
%
%  Propiedades del material
%
  young  =   3.000000000e+07 ;
  poiss  =   3.000000000e-01 ;
  denss  =   0.000000000e+00 ;
  espesor   =   2.500000000e-01 ;
%
% Coordenadas
%
coord = [
   0.000000000e+00   ,   1.800000000e+01  ;
   1.000000000e+00   ,   1.800000000e+01  ;
   0.000000000e+00   ,   1.700000000e+01  ;
   2.000000000e+00   ,   1.800000000e+01  ;
   0.000000000e+00   ,   1.600000000e+01  ;
   1.000000000e+00   ,   1.600000000e+01  ;
   2.000000000e+00   ,   1.700000000e+01  ;
   2.000000000e+00   ,   1.600000000e+01  ;
   0.000000000e+00   ,   1.500000000e+01  ;
   3.000000000e+00   ,   1.800000000e+01  ;
   2.000000000e+00   ,   1.500000000e+01  ;
   3.000000000e+00   ,   1.600000000e+01  ;
   4.000000000e+00   ,   1.800000000e+01  ;
   0.000000000e+00   ,   1.400000000e+01  ;
   1.000000000e+00   ,   1.400000000e+01  ;
   4.000000000e+00   ,   1.700000000e+01  ;
   4.000000000e+00   ,   1.600000000e+01  ;
   2.000000000e+00   ,   1.400000000e+01  ;
   4.000000000e+00   ,   1.500000000e+01  ;
   5.000000000e+00   ,   1.800000000e+01  ;
   0.000000000e+00   ,   1.300000000e+01  ;
   3.000000000e+00   ,   1.400000000e+01  ;
   5.000000000e+00   ,   1.600000000e+01  ;
   2.000000000e+00   ,   1.300000000e+01  ;
   4.000000000e+00   ,   1.400000000e+01  ;
   6.000000000e+00   ,   1.800000000e+01  ;
   0.000000000e+00   ,   1.200000000e+01  ;
   1.000000000e+00   ,   1.200000000e+01  ;
   6.000000000e+00   ,   1.700000000e+01  ;
   6.000000000e+00   ,   1.600000000e+01  ;
   2.000000000e+00   ,   1.200000000e+01  ;
   5.000000000e+00   ,   1.400000000e+01  ;
   4.000000000e+00   ,   1.300000000e+01  ;
   3.000000000e+00   ,   1.200000000e+01  ;
   6.000000000e+00   ,   1.500000000e+01  ;
   7.000000000e+00   ,   1.800000000e+01  ;
   0.000000000e+00   ,   1.100000000e+01  ;
   4.000000000e+00   ,   1.200000000e+01  ;
   6.000000000e+00   ,   1.400000000e+01  ;
   7.000000000e+00   ,   1.600000000e+01  ;
   2.000000000e+00   ,   1.100000000e+01  ;
   6.000000000e+00   ,   1.300000000e+01  ;
   5.000000000e+00   ,   1.200000000e+01  ;
   8.000000000e+00   ,   1.800000000e+01  ;
   0.000000000e+00   ,   1.000000000e+01  ;
   1.000000000e+00   ,   1.000000000e+01  ;
   8.000000000e+00   ,   1.700000000e+01  ;
   7.000000000e+00   ,   1.400000000e+01  ;
   4.000000000e+00   ,   1.100000000e+01  ;
   8.000000000e+00   ,   1.600000000e+01  ;
   2.000000000e+00   ,   1.000000000e+01  ;
   6.000000000e+00   ,   1.200000000e+01  ;
   8.000000000e+00   ,   1.500000000e+01  ;
   3.000000000e+00   ,   1.000000000e+01  ;
   8.000000000e+00   ,   1.400000000e+01  ;
   4.000000000e+00   ,   1.000000000e+01  ;
   9.000000000e+00   ,   1.800000000e+01  ;
   0.000000000e+00   ,   9.000000000e+00  ;
   6.000000000e+00   ,   1.100000000e+01  ;
   7.000000000e+00   ,   1.200000000e+01  ;
   2.000000000e+00   ,   9.000000000e+00  ;
   9.000000000e+00   ,   1.600000000e+01  ;
   5.000000000e+00   ,   1.000000000e+01  ;
   8.000000000e+00   ,   1.300000000e+01  ;
   9.000000000e+00   ,   1.400000000e+01  ;
   4.000000000e+00   ,   9.000000000e+00  ;
   8.000000000e+00   ,   1.200000000e+01  ;
   6.000000000e+00   ,   1.000000000e+01  ;
   1.000000000e+01   ,   1.800000000e+01  ;
   0.000000000e+00   ,   8.000000000e+00  ;
   1.000000000e+01   ,   1.700000000e+01  ;
   1.000000000e+00   ,   8.000000000e+00  ;
   1.000000000e+01   ,   1.600000000e+01  ;
   2.000000000e+00   ,   8.000000000e+00  ;
   1.000000000e+01   ,   1.500000000e+01  ;
   3.000000000e+00   ,   8.000000000e+00  ;
   8.000000000e+00   ,   1.100000000e+01  ;
   7.000000000e+00   ,   1.000000000e+01  ;
   1.000000000e+01   ,   1.400000000e+01  ;
   4.000000000e+00   ,   8.000000000e+00  ;
   6.000000000e+00   ,   9.000000000e+00  ;
   9.000000000e+00   ,   1.200000000e+01  ;
   1.100000000e+01   ,   1.800000000e+01  ;
   0.000000000e+00   ,   7.000000000e+00  ;
   1.100000000e+01   ,   1.600000000e+01  ;
   5.000000000e+00   ,   8.000000000e+00  ;
   1.000000000e+01   ,   1.300000000e+01  ;
   2.000000000e+00   ,   7.000000000e+00  ;
   8.000000000e+00   ,   1.000000000e+01  ;
   1.000000000e+01   ,   1.200000000e+01  ;
   6.000000000e+00   ,   8.000000000e+00  ;
   1.100000000e+01   ,   1.400000000e+01  ;
   4.000000000e+00   ,   7.000000000e+00  ;
   1.200000000e+01   ,   1.800000000e+01  ;
   0.000000000e+00   ,   6.000000000e+00  ;
   8.000000000e+00   ,   9.000000000e+00  ;
   9.000000000e+00   ,   1.000000000e+01  ;
   1.200000000e+01   ,   1.700000000e+01  ;
   1.000000000e+00   ,   6.000000000e+00  ;
   1.200000000e+01   ,   1.600000000e+01  ;
   2.000000000e+00   ,   6.000000000e+00  ;
   1.000000000e+01   ,   1.100000000e+01  ;
   7.000000000e+00   ,   8.000000000e+00  ;
   3.000000000e+00   ,   6.000000000e+00  ;
   1.200000000e+01   ,   1.500000000e+01  ;
   1.100000000e+01   ,   1.200000000e+01  ;
   6.000000000e+00   ,   7.000000000e+00  ;
   4.000000000e+00   ,   6.000000000e+00  ;
   1.200000000e+01   ,   1.400000000e+01  ;
   1.000000000e+01   ,   1.000000000e+01  ;
   8.000000000e+00   ,   8.000000000e+00  ;
   1.300000000e+01   ,   1.800000000e+01  ;
   0.000000000e+00   ,   5.000000000e+00  ;
   5.000000000e+00   ,   6.000000000e+00  ;
   1.200000000e+01   ,   1.300000000e+01  ;
   1.300000000e+01   ,   1.600000000e+01  ;
   2.000000000e+00   ,   5.000000000e+00  ;
   6.000000000e+00   ,   6.000000000e+00  ;
   1.200000000e+01   ,   1.200000000e+01  ;
   9.000000000e+00   ,   8.000000000e+00  ;
   1.000000000e+01   ,   9.000000000e+00  ;
   1.100000000e+01   ,   1.000000000e+01  ;
   1.300000000e+01   ,   1.400000000e+01  ;
   4.000000000e+00   ,   5.000000000e+00  ;
   8.000000000e+00   ,   7.000000000e+00  ;
   1.200000000e+01   ,   1.100000000e+01  ;
   7.000000000e+00   ,   6.000000000e+00  ;
   1.400000000e+01   ,   1.800000000e+01  ;
   0.000000000e+00   ,   4.000000000e+00  ;
   1.400000000e+01   ,   1.700000000e+01  ;
   1.000000000e+00   ,   4.000000000e+00  ;
   1.400000000e+01   ,   1.600000000e+01  ;
   2.000000000e+00   ,   4.000000000e+00  ;
   1.000000000e+01   ,   8.000000000e+00  ;
   1.300000000e+01   ,   1.200000000e+01  ;
   6.000000000e+00   ,   5.000000000e+00  ;
   1.400000000e+01   ,   1.500000000e+01  ;
   3.000000000e+00   ,   4.000000000e+00  ;
   1.200000000e+01   ,   1.000000000e+01  ;
   8.000000000e+00   ,   6.000000000e+00  ;
   1.400000000e+01   ,   1.400000000e+01  ;
   4.000000000e+00   ,   4.000000000e+00  ;
   1.400000000e+01   ,   1.300000000e+01  ;
   5.000000000e+00   ,   4.000000000e+00  ;
   1.000000000e+01   ,   7.000000000e+00  ;
   1.100000000e+01   ,   8.000000000e+00  ;
   0.000000000e+00   ,   3.000000000e+00  ;
   9.000000000e+00   ,   6.000000000e+00  ;
   1.500000000e+01   ,   1.800000000e+01  ;
   1.200000000e+01   ,   9.000000000e+00  ;
   2.000000000e+00   ,   3.000000000e+00  ;
   1.500000000e+01   ,   1.600000000e+01  ;
   1.400000000e+01   ,   1.200000000e+01  ;
   6.000000000e+00   ,   4.000000000e+00  ;
   1.300000000e+01   ,   1.000000000e+01  ;
   8.000000000e+00   ,   5.000000000e+00  ;
   4.000000000e+00   ,   3.000000000e+00  ;
   1.500000000e+01   ,   1.400000000e+01  ;
   1.200000000e+01   ,   8.000000000e+00  ;
   1.000000000e+01   ,   6.000000000e+00  ;
   1.400000000e+01   ,   1.100000000e+01  ;
   7.000000000e+00   ,   4.000000000e+00  ;
   1.600000000e+01   ,   1.800000000e+01  ;
   0.000000000e+00   ,   2.000000000e+00  ;
   1.000000000e+00   ,   2.000000000e+00  ;
   1.600000000e+01   ,   1.700000000e+01  ;
   8.000000000e+00   ,   4.000000000e+00  ;
   1.400000000e+01   ,   1.000000000e+01  ;
   2.000000000e+00   ,   2.000000000e+00  ;
   1.600000000e+01   ,   1.600000000e+01  ;
