%=======================================================================
% MAT-fem_Plates 1.0 - MAT-fem is a learning tool for undestanding 
%                      the Finite Element Method with MATLAB and GiD
%=======================================================================
% PROBLEM TITLE = Untitled
%
%  Material Properties
%
  young  =  30.e+6;
  poiss  =   3.000000000e-01 ;
  denss  =   0.000000000e+00 ;
  espesor   =   0.25 ;

%
% Coordinates
coord = [0.0 18; ... % x and y coordinates of node 1
        0.0 13.5; ... % x and y coordinates of node 2
        0.0 9; ...% x and y coordinates of node 3
        0.0 4.5; ... % x and y coordinates of node 4
        0.0 0; ... % x and y coordinates of node 5
        4.5 18; ... % x and y coordinates of node 6
        4.5 9; ...
        4.5 0; ...
        9   18; ...
        9   13.5; ...
        9 9; ...
        9 4.5; ...
        9 0; ...
        13.5 18; ...
        13.5 9; ...
        13.5 0; ...
        18 18; ...
        18 13.5; ...
        18 9; ...
        18 4.5; ...
        18 0.0];
% Elements
%
elem= [ 1 2 3 7 11 10 9 6;... % Element 1
        3 4 5 8 13 12 11 7;... % Element 2
        9 10 11 15 19 18 17 14;... % Element 3
        11 12 13 16 21 20 19 15]; % Element 4
%
% Fixed Nodes
%
% nf = ones(nnd, nodof); % Initialize the matrix nf to 1
% nf(1,1) = 0; nf(1,3)=0;
% nf(2,1) = 0; nf(2,3)=0;
% nf(3,1) = 0; nf(3,3)=0;
% nf(4,1) = 0; nf(4,3)=0;
% nf(5,1) = 0; nf(5,2)=0; nf(5,3)=0;
% nf(6,3)=0;
% nf(8,1)=0; nf(8,2)=0;
% nf(9,3)=0;
% nf(13,1)=0; nf(13,2)=0;
% nf(14,3)=0;
% nf(16,1)=0; nf(16,2)=0;
% nf(17,2)=0;nf(17,3)=0;
% nf(18,2)=0;
% nf(19,2)=0;
% nf(20,2)=0;
% nf(21,1)=0;nf(21,2)=0;
% %
nod_rest = [
      1  , 1 ,   0.000000000e+00  ;
      1  , 3 ,   0.000000000e+00  ;
      2  , 1 ,   0.000000000e+00  ;
      2  , 3 ,   0.000000000e+00  ;
      3  , 1 ,   0.000000000e+00  ;
      3  , 3 ,   0.000000000e+00  ;
      4  , 1 ,   0.000000000e+00  ;
      4  , 3 ,   0.000000000e+00  ;
      5  , 1 ,   0.000000000e+00  ;
      5  , 2 ,   0.000000000e+00  ;
      5  , 3 ,   0.000000000e+00  ;
      6  , 3 ,   0.000000000e+00  ;
      8  , 1 ,   0.000000000e+00  ;
      8  , 2 ,   0.000000000e+00  ;
      9  , 3 ,   0.000000000e+00  ; 
     13  , 1 ,   0.000000000e+00  ;
     13  , 2 ,   0.000000000e+00  ;
     14  , 3 ,   0.000000000e+00  ;
     16  , 1 ,   0.000000000e+00  ;
     16  , 2 ,   0.000000000e+00  ;
     17  , 2 ,   0.000000000e+00  ;
     17  , 3 ,   0.000000000e+00  ;
     18  , 2 ,   0.000000000e+00  ;
     19  , 2 ,   0.000000000e+00  ;
     20  , 2 ,   0.000000000e+00  ;
     21  , 1 ,   0.000000000e+00  ;
     21  , 2 ,   0.000000000e+00  ;] ;
%
% Point loads
%
f = 1000/4;
carg_punt=  [17 1 -f ] ;
%
% Side loadsss
%
carg_dist = sparse ( 0,0 );




