%=======================================================================
% MAT-fem_Plates 1.0 - MAT-fem is a learning tool for undestanding 
%                      the Finite Element Method with MATLAB and GiD
%=======================================================================
% PROBLEM TITLE = Untitled
%
%  Propiedades del material
%
  young  =   2.400000000e+09 ;
  poiss  =   2.000000000e-01 ;
  denss  =   0.000000000e+00 ;
  espesor   =   1.300000000e-01 ;
%
% Coordenadas
%
coord = [
   0.000000000e+00   ,   6.000000000e+00  ;
   2.500000000e-01   ,   6.000000000e+00  ;
   0.000000000e+00   ,   5.750000000e+00  ;
   5.000000000e-01   ,   6.000000000e+00  ;
   0.000000000e+00   ,   5.500000000e+00  ;
   2.500000000e-01   ,   5.500000000e+00  ;
   5.000000000e-01   ,   5.750000000e+00  ;
   5.000000000e-01   ,   5.500000000e+00  ;
   7.500000000e-01   ,   6.000000000e+00  ;
   0.000000000e+00   ,   5.250000000e+00  ;
   5.000000000e-01   ,   5.250000000e+00  ;
   7.500000000e-01   ,   5.500000000e+00  ;
   1.000000000e+00   ,   6.000000000e+00  ;
   0.000000000e+00   ,   5.000000000e+00  ;
   1.000000000e+00   ,   5.750000000e+00  ;
   2.500000000e-01   ,   5.000000000e+00  ;
   1.000000000e+00   ,   5.500000000e+00  ;
   5.000000000e-01   ,   5.000000000e+00  ;
   1.250000000e+00   ,   6.000000000e+00  ;
   0.000000000e+00   ,   4.750000000e+00  ;
   1.000000000e+00   ,   5.250000000e+00  ;
   7.500000000e-01   ,   5.000000000e+00  ;
   5.000000000e-01   ,   4.750000000e+00  ;
   1.250000000e+00   ,   5.500000000e+00  ;
   1.000000000e+00   ,   5.000000000e+00  ;
   1.500000000e+00   ,   6.000000000e+00  ;
   0.000000000e+00   ,   4.500000000e+00  ;
   2.500000000e-01   ,   4.500000000e+00  ;
   1.500000000e+00   ,   5.750000000e+00  ;
   1.500000000e+00   ,   5.500000000e+00  ;
   5.000000000e-01   ,   4.500000000e+00  ;
   1.000000000e+00   ,   4.750000000e+00  ;
   1.250000000e+00   ,   5.000000000e+00  ;
   1.500000000e+00   ,   5.250000000e+00  ;
   7.500000000e-01   ,   4.500000000e+00  ;
   1.750000000e+00   ,   6.000000000e+00  ;
   0.000000000e+00   ,   4.250000000e+00  ;
   1.500000000e+00   ,   5.000000000e+00  ;
   1.000000000e+00   ,   4.500000000e+00  ;
   5.000000000e-01   ,   4.250000000e+00  ;
   1.750000000e+00   ,   5.500000000e+00  ;
   1.500000000e+00   ,   4.750000000e+00  ;
   1.250000000e+00   ,   4.500000000e+00  ;
   2.000000000e+00   ,   6.000000000e+00  ;
   0.000000000e+00   ,   4.000000000e+00  ;
   1.750000000e+00   ,   5.000000000e+00  ;
   2.000000000e+00   ,   5.750000000e+00  ;
   2.500000000e-01   ,   4.000000000e+00  ;
   1.000000000e+00   ,   4.250000000e+00  ;
   2.000000000e+00   ,   5.500000000e+00  ;
   5.000000000e-01   ,   4.000000000e+00  ;
   1.500000000e+00   ,   4.500000000e+00  ;
   2.000000000e+00   ,   5.250000000e+00  ;
   7.500000000e-01   ,   4.000000000e+00  ;
   1.000000000e+00   ,   4.000000000e+00  ;
   2.000000000e+00   ,   5.000000000e+00  ;
   2.250000000e+00   ,   6.000000000e+00  ;
   0.000000000e+00   ,   3.750000000e+00  ;
   1.750000000e+00   ,   4.500000000e+00  ;
   5.000000000e-01   ,   3.750000000e+00  ;
   1.500000000e+00   ,   4.250000000e+00  ;
   2.250000000e+00   ,   5.500000000e+00  ;
   2.000000000e+00   ,   4.750000000e+00  ;
   1.250000000e+00   ,   4.000000000e+00  ;
   1.000000000e+00   ,   3.750000000e+00  ;
   2.250000000e+00   ,   5.000000000e+00  ;
   1.500000000e+00   ,   4.000000000e+00  ;
   2.000000000e+00   ,   4.500000000e+00  ;
   2.500000000e+00   ,   6.000000000e+00  ;
   0.000000000e+00   ,   3.500000000e+00  ;
   2.500000000e-01   ,   3.500000000e+00  ;
   2.500000000e+00   ,   5.750000000e+00  ;
   2.500000000e+00   ,   5.500000000e+00  ;
   5.000000000e-01   ,   3.500000000e+00  ;
   2.500000000e+00   ,   5.250000000e+00  ;
   7.500000000e-01   ,   3.500000000e+00  ;
   1.750000000e+00   ,   4.000000000e+00  ;
   2.000000000e+00   ,   4.250000000e+00  ;
   2.500000000e+00   ,   5.000000000e+00  ;
   1.000000000e+00   ,   3.500000000e+00  ;
   1.500000000e+00   ,   3.750000000e+00  ;
   2.250000000e+00   ,   4.500000000e+00  ;
   2.750000000e+00   ,   6.000000000e+00  ;
   0.000000000e+00   ,   3.250000000e+00  ;
   2.500000000e+00   ,   4.750000000e+00  ;
   5.000000000e-01   ,   3.250000000e+00  ;
   2.750000000e+00   ,   5.500000000e+00  ;
   1.250000000e+00   ,   3.500000000e+00  ;
   2.000000000e+00   ,   4.000000000e+00  ;
   2.500000000e+00   ,   4.500000000e+00  ;
   1.500000000e+00   ,   3.500000000e+00  ;
   1.000000000e+00   ,   3.250000000e+00  ;
   2.750000000e+00   ,   5.000000000e+00  ;
   3.000000000e+00   ,   6.000000000e+00  ;
   0.000000000e+00   ,   3.000000000e+00  ;
   3.000000000e+00   ,   5.750000000e+00  ;
   2.500000000e-01   ,   3.000000000e+00  ;
   2.250000000e+00   ,   4.000000000e+00  ;
   2.000000000e+00   ,   3.750000000e+00  ;
   3.000000000e+00   ,   5.500000000e+00  ;
   5.000000000e-01   ,   3.000000000e+00  ;
   2.500000000e+00   ,   4.250000000e+00  ;
   1.750000000e+00   ,   3.500000000e+00  ;
   3.000000000e+00   ,   5.250000000e+00  ;
   7.500000000e-01   ,   3.000000000e+00  ;
   1.500000000e+00   ,   3.250000000e+00  ;
   2.750000000e+00   ,   4.500000000e+00  ;
   3.000000000e+00   ,   5.000000000e+00  ;
   1.000000000e+00   ,   3.000000000e+00  ;
   2.500000000e+00   ,   4.000000000e+00  ;
   2.000000000e+00   ,   3.500000000e+00  ;
   3.000000000e+00   ,   4.750000000e+00  ;
   3.250000000e+00   ,   6.000000000e+00  ;
   1.250000000e+00   ,   3.000000000e+00  ;
   0.000000000e+00   ,   2.750000000e+00  ;
   3.250000000e+00   ,   5.500000000e+00  ;
   5.000000000e-01   ,   2.750000000e+00  ;
   1.500000000e+00   ,   3.000000000e+00  ;
   3.000000000e+00   ,   4.500000000e+00  ;
   2.500000000e+00   ,   3.750000000e+00  ;
   2.250000000e+00   ,   3.500000000e+00  ;
   2.000000000e+00   ,   3.250000000e+00  ;
   3.250000000e+00   ,   5.000000000e+00  ;
   1.000000000e+00   ,   2.750000000e+00  ;
   2.750000000e+00   ,   4.000000000e+00  ;
   1.750000000e+00   ,   3.000000000e+00  ;
   3.000000000e+00   ,   4.250000000e+00  ;
   3.500000000e+00   ,   6.000000000e+00  ;
   0.000000000e+00   ,   2.500000000e+00  ;
   2.500000000e-01   ,   2.500000000e+00  ;
   3.500000000e+00   ,   5.750000000e+00  ;
   3.500000000e+00   ,   5.500000000e+00  ;
   5.000000000e-01   ,   2.500000000e+00  ;
   2.500000000e+00   ,   3.500000000e+00  ;
   3.250000000e+00   ,   4.500000000e+00  ;
   3.500000000e+00   ,   5.250000000e+00  ;
   7.500000000e-01   ,   2.500000000e+00  ;
   1.500000000e+00   ,   2.750000000e+00  ;
   2.000000000e+00   ,   3.000000000e+00  ;
   3.000000000e+00   ,   4.000000000e+00  ;
   1.000000000e+00   ,   2.500000000e+00  ;
   3.500000000e+00   ,   5.000000000e+00  ;
   3.500000000e+00   ,   4.750000000e+00  ;
   1.250000000e+00   ,   2.500000000e+00  ;
   2.500000000e+00   ,   3.250000000e+00  ;
   2.750000000e+00   ,   3.500000000e+00  ;
   3.000000000e+00   ,   3.750000000e+00  ;
   2.250000000e+00   ,   3.000000000e+00  ;
   3.750000000e+00   ,   6.000000000e+00  ;
   0.000000000e+00   ,   2.250000000e+00  ;
   3.750000000e+00   ,   5.500000000e+00  ;
   5.000000000e-01   ,   2.250000000e+00  ;
   3.500000000e+00   ,   4.500000000e+00  ;
   1.500000000e+00   ,   2.500000000e+00  ;
   3.250000000e+00   ,   4.000000000e+00  ;
   2.000000000e+00   ,   2.750000000e+00  ;
   1.000000000e+00   ,   2.250000000e+00  ;
   3.750000000e+00   ,   5.000000000e+00  ;
   2.500000000e+00   ,   3.000000000e+00  ;
   3.000000000e+00   ,   3.500000000e+00  ;
   3.500000000e+00   ,   4.250000000e+00  ;
   1.750000000e+00   ,   2.500000000e+00  ;
   4.000000000e+00   ,   6.000000000e+00  ;
   0.000000000e+00   ,   2.000000000e+00  ;
   4.000000000e+00   ,   5.750000000e+00  ;
   2.500000000e-01   ,   2.000000000e+00  ;
   2.000000000e+00   ,   2.500000000e+00  ;
   4.000000000e+00   ,   5.500000000e+00  ;
   5.000000000e-01   ,   2.000000000e+00  ;
   3.500000000e+00   ,   4.000000000e+00  ;
